token,frequency
So,20
 the,11
Wait,9
.<newline><newline>,8
 but,7
 is,7
",",6
 perhaps,6
Let,5
Hmm,5
 for,5
But,5
 So,4
 b,4
 m,4
Thus,4
 k,4
 ,4
 so,3
 in,3
 we,3
Which,3
.,3
 possible,3
Therefore,3
This,2
S,2
 write,2
",<newline><newline>",2
).,2
 and,2
Div,2
Since,2
And,2
 to,2
 have,2
 I,2
 let,2
 (,2
Then,2
 with,2
=,2
 a,2
 div,2
 satisfies,2
 count,2
m,2
 →,2
Another,2
 first,2
 giving,2
2,2
 A,1
 try,1
*b,1
 That,1
<newline>,1
Bring,1
For,1
4,1
 better,1
 all,1
 Maybe,1
 each,1
 are,1
 Also,1
 two,1
 iterate,1
 formula,1
 n,1
 an,1
 below,1
 as,1
~,1
's,1
 =,1
 Check,1
 Convert,1
 record,1
Given,1
),1
k,1
(b,1
"),",1
 hence,1
 equal,1
Because,1
:<newline><newline>,1
 doesn,1
 see,1
 only,1
 another,1
 integers,1
 |,1
Now,1
Find,1
 no,1
=m,1
"],",1
 such,1
 because,1
 divides,1
 case,1
ω,1
Compute,1
/,1
 maybe,1
].<newline><newline>,1
 which,1
<,1
 same,1
1,1
:,1
>,1
 what,1
Number,1
Similarly,1
 more,1
If,1
Form,1
 The,1
Count,1
 \(,1
###,1
